   6.5879950388773372       -5.4099282886586826        1.0000000000000000E-004
   7.1323886134222345       -4.8634346297560995        2.0000000000000001E-004
   7.6363986500356091       -4.3573028600692139        3.0000000000000003E-004
   8.1030055849741931       -3.8885541763856564        4.0000000000000002E-004
   8.5349698916521515       -3.4544296178062477        5.0000000000000001E-004
   8.9348483143888160       -3.0523738408926100        6.0000000000000006E-004
   9.3050089040696591       -2.6800200922450257        7.0000000000000010E-004
   9.6476449441420122       -2.3351762901375217        8.0000000000000015E-004
   9.9647878488412776       -2.0158121333592867        9.0000000000000019E-004
   10.258319109499313       -1.7200471614523027        1.0000000000000002E-003
   10.529981359188648       -1.4461396961300379        1.1000000000000003E-003
   10.781388620771322       -1.1924765988440682        1.2000000000000003E-003
   11.014035798618879      -0.95756378426509758        1.3000000000000004E-003
   11.229307469822290      -0.74001743389020924        1.4000000000000004E-003
   11.428486026591006      -0.53855585810547157        1.5000000000000005E-003
   11.612759217724816      -0.35199195884645085        1.6000000000000005E-003
   11.783227133508296      -0.17922624853116620        1.7000000000000006E-003
   11.940908675104474       -1.9240384211342249E-002   1.8000000000000006E-003
   12.086747546492846       0.12890882108229892        1.9000000000000006E-003
   12.221617804189016       0.26609494501868924        2.0000000000000005E-003
   12.346328997382663       0.39312709328782708        2.1000000000000003E-003
   12.461630928721879       0.51075465777642659        2.2000000000000001E-003
   12.568218063741018       0.61967172357960598        2.3000000000000000E-003
   12.666733614862945       0.72052115076529688        2.3999999999999998E-003
   12.757773323992836       0.81389835489534890        2.4999999999999996E-003
   12.841888965948108       0.90035480853575578        2.5999999999999994E-003
   12.919591593327437       0.98040128434762763        2.6999999999999993E-003
   12.991354541901204        1.0545108588308261        2.7999999999999991E-003
   13.057616214197434        1.1231216943846285        2.8999999999999989E-003
   13.118782657652893        1.1866396160461179        2.9999999999999988E-003
   13.175229952490897        1.2454404980595419        3.0999999999999986E-003
   13.227306423368406        1.2998724743115351        3.1999999999999984E-003
   13.275334687798653        1.3502579856313002        3.2999999999999982E-003
   13.319613553395607        1.3968956759954749        3.3999999999999981E-003
   13.360419775097577        1.4400621487888561        3.4999999999999979E-003
   13.398009682703798        1.4800135934491705        3.5999999999999977E-003
   13.432620688295183        1.5169872920618390        3.6999999999999976E-003
   13.464472682404086        1.5512030147646905        3.7999999999999974E-003
   13.493769327143609        1.5828643121687007        3.8999999999999972E-003
   13.520699253901086        1.6121597123952007        3.9999999999999975E-003
   13.545437172639135        1.6392638297690745        4.0999999999999977E-003
   13.568144899327804        1.6643383916879277        4.1999999999999980E-003
   13.588972307549950        1.6875331897060255        4.2999999999999983E-003
   13.608058209876011        1.7089869604261170        4.3999999999999985E-003
   13.625531174191366        1.7288282013794809        4.4999999999999988E-003
   13.641510279776909        1.7471759266922067        4.5999999999999991E-003
   13.656105817589198        1.7641403669816209        4.6999999999999993E-003
   13.669419938858367        1.7798236175987985        4.7999999999999996E-003
   13.681547255818067        1.7943202390293327        4.8999999999999998E-003
   13.692575398100207        1.8077178129831910        5.0000000000000001E-003
   13.702585528066503        1.8200974574439006        5.1000000000000004E-003
   13.711652818107444        1.8315343037059575        5.2000000000000006E-003
   13.719846892715493        1.8420979382058116        5.3000000000000009E-003
   13.727232237932334        1.8518528117447415        5.4000000000000012E-003
   13.733868580577981        1.8608586185101694        5.5000000000000014E-003
   13.739811239491940        1.8691706471243588        5.6000000000000017E-003
   13.745111450851990        1.8768401057849358        5.7000000000000019E-003
   13.749816669483712        1.8839144234093170        5.8000000000000022E-003
   13.753970847932713        1.8904375285540067        5.9000000000000025E-003
   13.757614694940679        1.8964501077490290        6.0000000000000027E-003
   13.760785914845345        1.9019898447667036        6.1000000000000030E-003
   13.763519429312185        1.9070916422318533        6.2000000000000033E-003
   13.765847582701834        1.9117878268766837        6.3000000000000035E-003
   13.767800332280929        1.9161083396473964        6.4000000000000038E-003
   13.769405424394959        1.9200809117805098        6.5000000000000040E-003
   13.770688557639174        1.9237312278843568        6.6000000000000043E-003
   13.771673533987116        1.9270830769848029        6.7000000000000046E-003
   13.772382398765526        1.9301584924234552        6.8000000000000048E-003
   13.772835570298794        1.9329778814310710        6.9000000000000051E-003
   13.773051959985356        1.9355601451381617        7.0000000000000053E-003
   13.773049083512189        1.9379227897285445        7.1000000000000056E-003
   13.772843163861429        1.9400820293895167        7.2000000000000059E-003
   13.772449226714862        1.9420528816640765        7.3000000000000061E-003
   13.771881188817368        1.9438492557659384        7.4000000000000064E-003
   13.771151939818928        1.9454840343767024        7.5000000000000067E-003
   13.770273418076522        1.9469691494062114        7.6000000000000069E-003
   13.769256680861673        1.9483156521616245        7.7000000000000072E-003
   13.768111969386513        1.9495337783378570        7.8000000000000074E-003
   13.766848769030792        1.9506330082115808        7.9000000000000077E-003
   13.765475865123987        1.9516221223927737        8.0000000000000071E-003
   13.764001394610577        1.9525092534616797        8.1000000000000065E-003
   13.762432893902300        1.9533019337948474        8.2000000000000059E-003
   13.760777343198809        1.9540071398614995        8.3000000000000053E-003
   13.759041207537365        1.9546313332507328        8.4000000000000047E-003
   13.757230474812967        1.9551804986708170        8.5000000000000041E-003
   13.755350690992524        1.9556601791440635        8.6000000000000035E-003
   13.753406992730120        1.9560755086042325        8.7000000000000029E-003
   13.751404137575230        1.9564312420881800        8.8000000000000023E-003
   13.749346531951474        1.9567317836992928        8.9000000000000017E-003
   13.747238257070494        1.9569812125071613        9.0000000000000011E-003
   13.745083092933323        1.9571833065357971        9.1000000000000004E-003
   13.742884540560398        1.9573415649814678        9.1999999999999998E-003
   13.740645842580959        1.9574592287908061        9.2999999999999992E-003
   13.738370002302885        1.9575392997202077        9.3999999999999986E-003
   13.736059801375154        1.9575845579886040        9.4999999999999980E-003
   13.733717816146763        1.9575975786274209        9.5999999999999974E-003
   13.731346432818324        1.9575807466238742        9.6999999999999968E-003
   13.728947861475440        1.9575362709466548        9.7999999999999962E-003
   13.726524149086387        1.9574661975364891        9.8999999999999956E-003
   13.724077191540541        1.9573724213379660        9.9999999999999950E-003
